0.0 25.5 0.0 0.0 0.0 9.3 0.0 14.8 0.0 16.0 0.0 15.6 0.0 12.8 0.0 15.0 0.0 14.0 0.0 0.0 0.0 0.0 0.0 0.0
0.0 25.5 0.0 25.5 0.0 7.4 0.0 18.7 0.0 19.0 0.0 19.0 0.0 17.4 0.0 17.8 0.0 18.4 0.0 0.0 0.0 25.5 0.0 21.0
0.0 25.5 0.0 0.0 0.0 25.5 0.0 13.3 0.0 13.8 0.0 13.5 0.0 13.4 0.0 12.4 0.0 12.3 0.0 0.0 0.0 0.0 0.0 14.3
0.0 25.5 0.0 25.5 0.0 25.5 0.0 18.4 0.0 19.2 0.0 18.9 0.0 17.3 0.0 17.4 0.0 17.8 0.0 7.9 0.0 25.5 0.0 20.2
0.0 0.0 0.0 0.0 0.0 0.0 0.0 12.1 0.0 12.6 0.0 13.0 0.0 10.6 0.0 11.4 0.0 11.8 0.0 25.5 0.0 0.0 0.0 13.3
0.0 25.5 0.0 25.5 0.0 6.7 0.0 17.3 0.0 17.4 0.0 17.6 0.0 16.1 0.0 16.1 0.0 17.1 0.0 25.5 0.0 25.5 0.0 18.8
0.0 25.5 0.0 0.0 0.0 6.3 0.0 12.1 0.0 12.0 0.0 12.0 0.0 10.7 0.0 11.0 0.0 11.2 0.0 0.0 0.0 0.0 0.0 12.8
0.0 25.5 0.0 25.5 0.0 6.9 0.0 17.9 0.0 17.8 0.0 17.9 0.0 16.1 0.0 16.5 0.0 16.6 0.0 0.0 0.0 25.5 0.0 18.5
0.0 0.0 0.0 0.0 0.0 5.7 0.0 11.1 0.0 11.9 0.0 11.4 0.0 10.1 0.0 10.5 0.0 10.7 0.0 25.5 0.0 25.5 0.0 12.3
0.0 25.5 0.0 7.1 0.0 6.6 0.0 16.4 0.0 16.9 0.0 16.9 0.0 15.5 0.0 15.8 0.0 16.0 0.0 25.5 0.0 25.5 0.0 17.6
0.0 25.5 0.0 0.0 0.0 25.5 0.0 5.6 0.0 11.5 0.0 12.1 0.0 10.5 0.0 10.4 0.0 10.7 0.0 11.2 0.0 0.0 0.0 11.9
0.0 25.5 0.0 25.5 0.0 25.5 0.0 25.5 0.0 17.5 0.0 17.6 0.0 15.9 0.0 16.1 0.0 16.5 0.0 16.6 0.0 25.5 0.0 17.9
0.0 25.5 0.0 0.0 0.0 0.0 0.0 0.0 0.0 11.0 0.0 11.2 0.0 9.7 0.0 10.0 0.0 10.5 0.0 10.3 0.0 0.0 0.0 11.8
0.0 25.5 0.0 25.5 0.0 25.5 0.0 25.5 0.0 17.3 0.0 16.5 0.0 15.1 0.0 15.1 0.0 15.7 0.0 16.0 0.0 25.5 0.0 17.3
0.0 2.3 0.0 0.0 0.0 0.0 0.0 25.5 0.0 10.9 0.0 10.5 0.0 10.3 0.0 9.9 0.0 10.2 0.0 10.5 0.0 5.1 0.0 11.7
0.0 25.5 0.0 25.5 0.0 25.5 0.0 25.5 0.0 17.3 0.0 17.2 0.0 15.6 0.0 16.0 0.0 15.7 0.0 16.4 0.0 6.8 0.0 17.5
0.0 5.0 0.0 0.0 0.0 3.5 0.0 0.0 0.0 10.0 0.0 10.1 0.0 8.8 0.0 9.3 0.0 9.5 0.0 9.2 0.0 10.3 0.0 10.6
0.0 7.4 0.0 6.9 0.0 25.5 0.0 6.2 0.0 16.6 0.0 16.2 0.0 15.1 0.0 15.3 0.0 15.6 0.0 16.0 0.0 16.4 0.0 17.5
0.0 25.5 0.0 0.0 0.0 25.5 0.0 0.0 0.0 10.6 0.0 10.7 0.0 9.6 0.0 10.0 0.0 10.4 0.0 10.5 0.0 25.5 0.0 11.7
0.0 25.5 0.0 25.5 0.0 25.5 0.0 25.5 0.0 17.2 0.0 17.8 0.0 16.1 0.0 16.1 0.0 16.3 0.0 16.6 0.0 25.5 0.0 18.1
0.0 0.0 0.0 0.0 0.0 0.0 0.0 0.0 0.0 10.1 0.0 10.1 0.0 8.8 0.0 9.3 0.0 9.9 0.0 9.9 0.0 0.0 0.0 11.3
0.0 7.7 0.0 25.5 0.0 6.9 0.0 25.5 0.0 17.2 0.0 16.9 0.0 15.5 0.0 15.9 0.0 16.0 0.0 16.4 0.0 25.5 0.0 18.1
0.0 6.0 0.0 0.0 0.0 0.0 0.0 0.0 0.0 10.8 0.0 10.9 0.0 10.2 0.0 11.1 0.0 10.5 0.0 11.1 0.0 0.0 0.0 0.0
0.0 8.4 0.0 8.0 0.0 25.5 0.0 7.2 0.0 18.6 0.0 18.6 0.0 16.9 0.0 17.0 0.0 17.0 0.0 17.7 0.0 8.2 0.0 25.5
0.0 6.2 0.0 25.5 0.0 0.0 0.0 0.0 0.0 10.1 0.0 10.1 0.0 9.2 0.0 9.3 0.0 10.0 0.0 10.4 0.0 4.9 0.0 0.0
0.0 9.0 0.0 25.5 0.0 25.5 0.0 25.5 0.0 18.8 0.0 18.6 0.0 17.3 0.0 17.2 0.0 17.6 0.0 18.4 0.0 8.9 0.0 0.0
0.0 7.3 0.0 0.0 0.0 0.0 0.0 0.0 0.0 11.8 0.0 11.6 0.0 12.3 0.0 10.8 0.0 11.4 0.0 12.2 0.0 7.7 0.0 0.0
0.0 10.6 0.0 25.5 0.0 9.2 0.0 8.5 0.0 20.9 0.0 21.0 0.0 19.1 0.0 19.3 0.0 19.2 0.0 20.2 0.0 9.5 0.0 10.7
0.0 0.0 0.0 25.5 0.0 25.5 0.0 0.0 0.0 12.3 0.0 11.1 0.0 11.4 0.0 11.3 0.0 12.2 0.0 13.4 0.0 7.3 0.0 8.2
0.0 0.0 0.0 25.5 0.0 25.5 0.0 25.5 0.0 21.9 0.0 22.0 0.0 19.3 0.0 19.2 0.0 20.2 0.0 22.0 0.0 10.8 0.0 12.1
0.0 25.5 0.0 25.5 0.0 0.0 0.0 6.7 0.0 10.5 0.0 9.5 0.0 9.7 0.0 11.0 0.0 12.6 0.0 15.3 0.0 0.0 0.0 1.5
0.0 25.5 0.0 25.5 0.0 12.4 0.0 25.5 0.0 25.5 0.0 25.5 0.0 21.0 0.0 21.4 0.0 23.4 0.0 25.4 0.0 25.5 0.0 25.5
